0
731
5746
352
4407
1893
5593
1080
4063
3525
3799
446
3789
5439
2401
1472
2278
2787
5163
3488
3603
1707
5061
104
589
5556
1372
3445
3366
2797
5550
3065
1492
3356
142
5392
957
5726
665
1389
3281
2175
2562
5592
4522
2242
1891
229
1206
1092
87
1476
4214
3224
2942
2650
1271
3180
4951
2661
2593
5408
924
3123
39
1185
1159
196
1274
4003
525
5262
3459
42
3043
5127
544
2456
851
491
2379
3063
1166
4030
2819
5535
1762
2405
1577
618
5505
5111
77
1882
1584
1423
4155
3884
3621
3833
1302
3064
291
97
2932
4144
5724
496
5368
2624
1732
2801
1138
1233
2808
5216
4629
2865
1713
5247
432
2818
3422
3600
245
3280
2855
1157
5102
779
2853
209
4487
3416
3835
5162
3858
3703
944
5155
1259
3382
2281
445
5178
2830
1328
2462
1441
3893
1931
3910
2211
3530
3699
4462
5654
149
1494
44
5220
5434
3666
2344
4822
1884
4330
3989
1716
4090
3157
5580
2321
206
1153
3373
3515
2918
4138
3095
557
3969
4737
3798
4354
4835
5433
3267
296
3240
4749
1030
4918
2370
2272
4926
508
3880
5179
1424
3475
2867
5305
965
5723
5516
4582
4621
2337
4550
139
3481
3529
5538
5452
132
4603
654
5028
602
4127
5349
1402
914
5269
3284
2414
4111
1786
4470
2540
774
2876
907
323
4715
5237
399
2194
3560
1836
4771
1544
158
3079
2230
948
1045
3549
4312
4936
5687
3742
5656
2181
1806
966
1736
2383
5346
5010
1237
2573
2645
5708
805
537
3473
2603
5364
555
1055
1010
3479
1485
1456
3073
1896
639
5270
4189
669
3283
2143
541
2373
1074
4174
3171
5054
1530
3676
3906
2626
2772
2088
3381
1776
375
1879
2810
5515
3118
4390
1958
1358
1422
4039
5680
539
5226
5748
507
1711
1591
2172
5696
4034
828
2009
4218
2495
2955
5316
2260
4327
2498
4710
4442
227
4516
3889
3151
874
2781
993
663
676
4020
3608
1089
4077
4948
2526
4869
4638
122
1851
5164
3197
5133
4776
1562
4938
5065
2727
373
4775
4570
1395
3944
2886
3081
4747
166
4577
787
3606
738
5404
2560
1758
485
2058
1039
5373
4545
276
5435
3028
1106
1733
3078
3456
2984
3988
1061
1989
753
3025
5453
668
3311
4825
3792
3193
4553
3586
2753
2945
426
5604
1079
1215
5118
4027
3482
4143
1787
2357
4565
686
3681
4231
2695
1263
3865
621
5110
2163
1671
5468
2862
2252
5273
1999
2788
5268
2476
1127
3864
1580
3986
4895
2488
4922
806
4029
1869
41
4748
3927
947
4438
4479
4785
3018
4681
2841
2298
5569
4418
3262
2268
1961
2662
2437
2305
1978
689
2682
4183
3657
1288
4954
4384
443
4501
2660
2073
74
3583
1471
4750
1194
838
2419
4739
231
3494
4067
4709
1563
1001
1694
258
5631
4314
5300
2536
1986
1601
421
4672
1214
1635
2604
3076
4122
5660
1595
3700
3162
3641
1111
3061
790
1283
1858
2243
5640
4894
1013
2799
4269
5460
4250
3295
2465
1082
3691
4205
5231
4265
4871
4831
3313
5466
3672
3217
1279
4081
4347
4334
5299
2118
4636
387
2239
3348
1382
5521
2350
298
898
4945
857
4829
1948
1603
1944
2935
18
4956
3027
5487
2834
5323
3585
4033
2377
4840
4035
528
2003
1617
3662
1714
2055
3068
5718
1678
3851
4961
1076
1189
329
3984
2458
5213
5352
1493
3535
1556
2811
2959
4490
4435
4887
54
4624
2675
2422
4393
4600
3784
2940
2144
2697
3233
887
4859
219
2033
894
3777
1436
5239
3913
99
612
3883
5371
3075
3991
1071
1050
5725
1414
881
2963
5534
3036
1344
3035
649
3243
4103
5570
368
4028
2614
867
2159
3071
1696
3723
5039
4589
3899
1731
2895
4778
2738
1823
3363
428
451
2960
4310
2312
425
871
3531
3463
5700
1876
361
933
1984
1137
1374
3303
1304
1103
2998
279
3616
1029
4899
4806
1990
5243
4852
2837
1734
2575
2187
4145
3408
5509
829
2503
4950
3546
5135
736
5637
4236
1803
2948
1939
5713
1025
2579
5478
1347
2219
5294
4408
2707
1231
2863
3976
2522
1048
1289
1011
5457
3351
2628
2947
3179
5420
458
3378
824
1204
651
2909
786
4730
4264
3837
1325
791
3655
3432
2442
1090
1966
4300
3805
3129
1610
3619
3462
4151
4530
3112
5545
2464
262
4833
4912
3981
1785
2512
4497
4353
5223
58
3807
4784
1068
5176
1017
2794
4227
5396
4136
1775
2858
2757
2912
2123
3409
2608
677
847
3091
675
2493
2851
3019
4975
3144
1818
1417
2050
15
4202
5359
2276
1599
5215
347
2525
2758
839
4134
4782
3800
4252
4254
5664
300
148
2999
2879
5456
4798
3614
1720
5019
5129
2640
76
101
4247
4239
687
2903
3268
4338
3975
208
2234
3424
3298
3562
5288
5297
5253
2389
1659
4732
1502
834
3386
4536
3439
5588
3866
3564
1848
1156
3446
4796
4447
4917
1708
4128
4944
1588
2910
3023
220
5412
3862
5549
4153
2896
2538
2065
1622
1527
4500
931
33
1426
1677
5607
1397
4597
5744
724
423
5627
3941
350
278
40
5228
1600
3523
4987
4292
4812
1648
1391
5040
550
257
1145
1322
59
4324
388
553
5060
3260
183
1765
4952
2553
4607
598
620
764
4286
1200
2196
3114
5533
3210
4855
4662
1262
4634
4068
479
3882
1142
866
951
3993
3406
4369
996
4368
2387
3575
110
4970
4182
4783
1641
3670
1428
5088
2015
4824
4064
1624
4595
2201
10
4548
2577
3251
1040
5445
4291
49
4308
3334
4770
5210
4633
482
4940
3229
4275
3314
2594
5397
3633
4320
3773
487
1435
1748
4432
1246
2537
1729
4774
5480
3191
3815
1217
751
152
1515
2018
4569
4714
1275
5541
422
2121
327
2188
3637
2805
4210
522
2083
5073
2070
3753
3598
3222
246
2774
5630
3571
1524
2916
1187
4593
2233
4345
3647
3420
4819
2169
5380
5709
2694
1573
2832
3496
307
1139
1334
2687
875
1554
586
771
3745
1682
218
1419
2359
3271
4304
3412
3982
4473
4402
92
3977
3737
3828
1680
1285
4568
5514
4194
5735
758
4839
2170
1618
3002
916
1375
1570
313
3898
2284
2275
3453
3903
2
17
854
2888
2717
3404
3764
3136
679
3511
4637
1461
5609
2469
3756
315
778
115
2471
3624
5205
4612
4618
5394
1243
217
2994
4752
5132
2082
5488
5421
4886
4860
3370
4016
2920
2331
4397
2847
1878
506
1847
4325
4729
1252
5540
567
309
3840
1987
4414
2008
5080
5255
3003
4474
1916
2205
2375
43
3964
38
1443
2428
5351
739
3853
4417
1376
5224
4059
1000
2101
1245
2890
111
4923
4344
2856
2925
782
4405
4605
4026
4790
4434
243
5267
1463
4374
2199
107
5347
3238
3814
4379
5081
3520
2330
125
3766
5206
4399
4742
2215
4421
5689
2361
5666
747
5063
3801
1242
626
3911
3016
1558
3664
2938
1792
472
1122
1175
386
3189
2532
498
4204
2511
4356
5422
4193
1606
239
2748
5208
5682
4911
1293
1224
2420
5344
830
3827
1490
1216
3246
2673
1227
2273
4963
3126
2274
2047
5340
207
4241
326
3087
2297
4794
30
173
5120
609
4552
3341
725
4767
4999
4011
2913
2396
543
1789
3227
3640
5448
2672
5418
5097
271
2710
2696
3651
1345
4786
2048
1855
2167
3084
4977
2949
603
1073
4700
1117
1693
4180
4080
2021
3808
2310
3732
1651
4157
4048
2750
4177
5742
3440
4788
27
4854
460
2081
5202
5121
4811
1083
5672
2842
2754
3762
4172
1629
757
868
884
2248
1446
2030
1657
1465
1921
4527
4842
1700
5333
4494
657
1036
2898
3130
5167
4904
2523
518
2620
5699
3767
4430
5663
2363
3220
1315
3694
5715
2109
647
1856
1170
2292
4640
4099
2609
2845
5634
412
1778
2283
475
695
3187
5698
1087
2327
456
1469
3013
4862
4896
46
3557
2480
3995
3795
4
4903
1335
1438
719
5429
4717
3396
4092
2796
156
2449
96
4673
1343
454
903
2703
2119
593
2590
3819
775
1507
5575
1012
374
1547
5492
2477
5258
3085
2566
3680
1955
5651
47
5341
2670
4195
483
797
108
872
3163
2737
1380
2860
1686
3524
4848
1551
3987
5298
3751
1886
2005
3674
3464
655
1727
974
3121
2309
377
3626
685
4692
3285
3082
5242
1743
4885
1026
3012
57
1362
5529
5020
3070
2812
4117
2475
3669
2654
5571
2446
263
4129
2056
63
5612
4920
306
3888
344
2677
4966
4403
4217
5594
1478
2734
1852
4573
5510
5757
5438
3550
4169
4799
4246
1014
4809
1740
5093
2212
1687
5413
4006
2806
1003
5001
2996
5756
2096
1721
594
882
2311
1367
3335
470
5577
3794
62
1069
303
1123
4336
5500
4458
5137
888
3080
4735
5419
4481
2484
3698
3228
2398
1240
3232
3939
370
682
3337
2659
4768
5649
2049
3580
3051
2062
2207
784
2854
5154
144
3414
3274
5032
2679
1053
82
1935
1326
2080
1545
2944
5252
5172
337
919
1637
5388
1676
3124
2023
1099
3483
5401
287
2676
5472
768
514
5432
2509
1429
1116
2179
5261
3599
585
3659
1874
4661
802
4764
4962
4471
5221
1038
4983
3776
1149
4665
5015
5025
3086
248
3110
1965
671
4322
341
785
4386
5181
710
357
2700
1685
3355
2076
2735
2900
5070
384
5291
701
5245
1555
990
2378
1903
5385
5495
4394
3026
690
4425
4677
3074
4868
3135
4112
3622
3528
197
3653
972
2247
1244
1319
48
1124
2057
4388
735
3388
1348
2343
3675
2045
5182
971
3870
1150
5148
5616
1295
5370
3541
3720
3538
2460
999
194
3656
4053
2939
1894
1468
927
433
1982
4668
4511
2550
3037
2775
2576
2941
985
2006
3192
2586
3932
994
3848
2885
827
3646
855
1447
1930
3428
5101
4781
1341
5343
4604
2467
2861
1169
1432
2705
5374
2417
1626
2600
3166
807
5668
1464
3324
3319
5444
2572
1324
3642
4721
3886
5048
2097
5721
940
205
1825
4342
680
646
2235
1889
897
332
4299
973
3088
3983
2870
5512
2270
1862
2634
3735
1232
1065
2093
3712
4611
3343
5023
3563
688
648
3796
1796
540
2068
4058
3014
4671
4185
3763
2352
2041
5442
1218
2126
604
762
480
1273
5583
2339
3146
4243
4883
2887
2651
842
3935
130
4377
3881
3244
3850
3958
1388
5497
162
5170
3971
3362
233
4238
3242
2897
5598
2802
1060
5124
2037
5324
1136
1022
283
711
5390
3552
1780
3555
89
2288
3131
3812
174
5636
2561
3034
339
2231
1008
3572
3461
2127
2302
2800
4745
3154
3164
474
650
1741
1427
1330
3474
3860
3592
4578
4413
1804
601
94
2089
5325
1832
353
1867
4755
1802
3413
2795
2322
3196
5189
5595
2457
1096
2698
1541
4187
633
889
3974
2641
4572
742
1121
3497
1323
2768
4424
5146
2595
4616
501
2513
4523
4995
5544
4446
2448
672
3177
3686
3125
714
1910
1298
4617
772
1403
516
1593
1725
5681
1871
3099
873
5554
1992
1655
2161
2035
4022
3199
749
3450
4734
4686
2905
5589
640
4162
1525
5171
160
3305
5098
1317
4828
4921
3176
2155
1630
3346
5416
3372
1086
5330
2316
378
1385
4810
4121
2745
5564
2300
1564
1905
4646
5560
3567
4738
3115
2079
1067
624
5451
4082
4116
1605
1481
3270
5596
3876
558
4062
5281
4797
383
453
4590
4352
492
901
1781
1537
2625
4298
2116
389
643
859
4576
2823
2881
713
3304
1766
969
548
1081
1410
4979
4065
4512
3654
4843
2555
32
1278
1751
2365
5690
1198
5539
4630
1171
2803
3736
636
1460
5701
4070
5277
2882
5105
2137
2535
5018
5319
2431
4684
237
3596
1167
3955
3577
1066
4499
5026
722
2336
754
2950
4171
2185
123
2759
2046
467
2708
3418
2649
2232
5537
2849
3017
4072
3316
5212
3990
5100
2715
457
513
4273
1585
4375
3536
4591
4850
5546
4396
5643
4498
416
3638
734
4540
5730
4543
2742
707
5520
4596
2782
1952
2032
1007
4525
1015
3724
102
978
1689
4592
5752
5504
1574
4844
5283
5138
4439
2866
4179
3556
1400
3759
3931
3407
1255
4391
5201
439
270
3096
3950
2318
2720
5387
322
709
3186
2957
4549
3201
2466
113
1158
2746
411
4140
2022
1049
4371
3325
5383
5458
1162
5477
5621
5027
1234
4827
5069
1834
4655
264
4428
3173
804
178
4758
2599
3442
1439
2564
191
1368
3383
2162
181
2004
5475
3273
2892
5012
4361
3518
3098
2038
4724
1718
843
4625
3307
5641
143
4882
3922
4212
3636
4897
186
3103
222
547
2970
821
288
3489
1043
118
5280
2360
3748
5446
1488
4049
4687
1960
3663
5165
1500
3089
2197
4001
4098
1051
752
2483
1134
5493
3477
3139
656
4054
5582
3806
2936
4270
4678
1118
4994
4232
5465
2961
5578
2039
3444
2880
55
2914
1101
2497
4262
5459
3226
3907
244
2877
1925
5311
1833
2791
666
3190
1962
896
90
2778
4104
134
3725
2769
1148
3498
161
3897
4363
4978
698
2367
509
4870
4689
2368
4760
4224
3832
2150
4984
5068
1760
1346
5030
4419
4937
5112
4168
4378
5244
228
484
705
5395
4623
5289
5415
2835
490
2110
4147
2589
193
652
841
4898
979
5144
1186
2487
1291
2924
893
2386
5736
5579
4228
3968
2755
1093
5501
886
5590
1560
1491
5507
2435
4795
2216
5177
2225
2606
5238
832
2756
3288
2554
5140
5293
1653
5194
5185
4969
4704
2952
1835
3140
765
2684
203
1070
1308
5348
1339
5471
2878
4891
1754
204
2095
592
831
4919
2427
5414
3055
3100
1668
4693
575
5739
9
5372
56
4257
2064
3516
1248
2140
664
3487
3145
3652
69
632
321
5091
1941
2993
4666
3153
1988
420
925
5257
3066
2927
236
2134
3269
2468
2171
3570
437
3111
4461
3047
2317
5142
124
180
2884
5021
4362
1407
5673
2025
3289
3286
5745
3956
4206
1115
715
1642
792
4654
4972
2463
71
864
5150
4475
3143
4877
1522
600
141
2107
1750
2968
1356
2394
4066
3174
2229
5079
1794
3403
3816
1623
4331
4528
3667
5407
4018
2263
3437
4306
3617
4268
2063
3451
5377
5207
5685
3188
5246
4175
4452
3714
1495
2598
4701
630
3612
4535
4211
5141
3519
5203
823
4260
4137
2627
4846
2966
4529
2556
3215
930
5286
863
2686
1062
4559
2392
3613
1621
2688
5024
5014
4941
529
2542
4998
3457
2186
3293
4488
5042
131
3434
1695
4341
3411
5447
4093
2752
1430
4256
4557
2505
1378
4927
878
461
3861
3877
215
3006
154
5441
2951
250
1359
1184
4996
5067
1141
4924
5659
2956
2919
1969
4364
1299
2479
436
5381
364
3245
2280
3005
1981
4436
4574
3107
2301
1373
1979
494
3921
3359
1381
4120
3569
1688
4746
4985
2621
5103
1056
1160
4433
1643
2934
1496
5584
267
3809
2527
5033
3203
2450
3471
4213
4801
5653
610
1744
3435
4009
1517
3916
704
2894
192
755
3024
5597
14
3665
5322
3302
1790
2354
4069
2902
2130
4046
320
2034
4150
578
2685
3127
5599
3318
5017
4699
2489
1658
5006
3543
4285
3874
1877
4804
2152
546
1912
745
5628
1881
3912
3352
5750
5076
360
591
5072
5454
865
4496
4935
3050
434
2731
4650
5094
2315
4606
667
1433
2014
4753
5506
1812
2981
5052
4694
1973
3949
1709
2426
2072
4075
4466
2413
4857
4057
1665
3421
4711
1875
3803
563
4997
1699
684
318
5563
4415
1247
729
3486
2384
2747
3695
2122
3398
2492
3476
3825
4132
4601
2255
4713
2400
1919
5310
5174
234
2342
2809
2899
1072
3032
214
429
5354
5031
2749
574
3895
4311
5204
526
473
3623
5703
5382
1824
692
1880
272
202
1927
1042
1967
5272
3933
3330
4539
4226
2915
938
4398
5036
3495
1190
3353
4878
4056
4674
1482
2007
308
3845
2019
1254
1094
4610
2622
275
1445
623
3466
4791
4339
2793
37
3402
5161
890
4477
395
2104
1223
2978
5402
2307
5290
4456
2616
1088
4697
4037
2168
2545
3871
3350
2546
1873
4305
201
2674
4731
852
5041
269
2521
4657
798
4575
2733
135
3235
5695
4199
1561
2077
2390
3688
4913
2266
3559
3774
2441
5209
789
3183
3679
200
3292
1399
2204
5531
5502
4392
334
5491
16
4244
75
3499
5095
3821
5084
3943
983
1327
4726
2804
625
5260
1609
4376
4583
616
3839
2974
1704
4867
1457
691
2953
343
708
4861
4841
3802
266
3769
3485
794
4909
2084
5648
1904
3007
235
1222
3822
3842
3855
1270
175
641
4631
4519
981
2516
4872
1628
1909
3326
3202
1991
5403
795
4725
3787
3707
4294
2308
2501
1230
3119
799
5295
2815
1199
493
4133
1226
4845
3534
1474
959
4493
4905
1899
5743
4554
3465
3430
408
3790
3181
2689
4531
2461
4914
2112
1501
2000
879
1795
1006
2125
3593
3253
3627
254
3757
5134
2515
3384
4741
4186
5159
2069
554
740
1504
1777
1578
3980
4219
876
3740
611
2989
5486
1583
1318
5683
818
2149
3010
3788
4818
2138
860
4328
195
2348
1906
5760
3454
4990
3093
3594
2907
2454
613
1859
562
2174
3960
3058
2548
1489
4660
4395
312
4222
1837
3317
2671
1531
1371
5729
3542
4088
580
2633
2985
4723
1571
159
1710
2635
1276
3551
995
2415
5108
2976
1387
2261
1442
565
4050
2828
1151
3873
1535
4669
351
1510
5566
3290
4089
414
3008
1872
1712
4266
4759
1926
2730
5393
1540
1632
1773
211
977
4504
566
2859
2406
393
3296
398
4491
172
1037
3250
3117
4893
2289
2217
3241
5436
1018
5122
2789
150
1553
4736
495
3397
5274
2120
960
2534
3200
4947
2848
2510
449
3429
527
4598
3601
1911
4934
2857
717
3639
268
133
530
2286
4957
3152
761
4733
4380
4000
442
997
4190
1661
5320
105
1479
619
4847
3574
284
29
13
1418
2591
998
20
369
3972
5716
3175
5720
3278
4648
1993
4333
801
1717
5125
4645
1739
86
941
3947
3501
2908
4888
2355
5022
5530
3722
4043
5168
4779
4613
1098
4233
447
4055
1887
4728
3857
2725
3209
4688
3138
4359
4041
767
1420
1815
3105
3706
5704
3687
1801
615
3755
1320
5326
2699
853
2066
2438
5334
5384
922
3902
3885
3746
2404
3818
5007
4159
2824
100
358
2329
2226
1870
5688
783
210
2494
376
2565
1033
2320
5183
3478
4255
2992
793
3811
3702
2209
3854
1458
2692
5473
1312
261
3588
5265
1146
4851
1412
1197
5601
2767
3149
4581
986
5484
2588
3492
4787
2574
1895
4609
4108
1257
4267
4451
2875
4383
1462
5217
661
1615
1486
2517
2722
1282
61
1763
1625
5503
4520
137
1394
3648
365
3321
2850
2744
5586
2582
3917
3998
4769
2028
3399
4197
2563
4906
3894
703
1672
1459
5357
2531
4329
84
1566
2340
2773
2086
581
678
721
3824
3211
4632
2930
2864
769
4792
1995
2183
733
4685
1290
2189
2836
4427
431
1253
3277
1814
1861
73
5192
4440
5004
4284
121
511
5528
5345
3747
3813
1032
4010
1937
5524
5450
5602
1058
4743
989
3104
4772
822
4135
1009
3237
1534
3951
2017
909
5086
5296
588
4495
2901
5198
800
3716
3255
295
576
5339
3591
5731
850
22
1466
3490
3690
120
2133
1454
4547
5104
2678
448
3329
2411
1179
3717
5123
2240
3978
2704
1519
1956
151
4849
2792
4372
286
3942
911
5455
4316
12
4234
3312
4816
3615
5759
5314
1735
4663
1477
5029
5558
4457
2726
3683
2873
937
3142
4587
247
1336
3713
2997
3952
3849
3786
1845
3148
1075
1614
2541
1370
1044
1349
712
2663
2421
1539
728
4656
2528
2250
3165
976
4105
4340
2334
2931
877
2481
3867
891
1329
4615
918
1770
4221
1143
4503
1673
992
3301
5642
4866
1938
1586
5
4249
4203
681
3645
2085
1303
4229
4908
970
3576
4514
2485
5009
4302
5053
3113
3673
3513
808
1827
1174
1568
5638
304
3039
3810
4664
1691
1487
2366
4444
1719
2358
2128
1161
224
5317
4502
328
763
112
984
906
5476
5188
5532
3628
699
4061
225
4480
3954
3106
5440
1799
72
5591
5572
4293
759
4803
5064
1453
1027
5519
5542
4087
3878
573
4756
4004
2291
2816
114
4817
5186
1416
1705
1357
2643
1331
4114
4076
3908
4161
1085
4696
4321
2371
2665
1761
1666
3537
559
3852
2964
861
3340
5650
273
4381
4158
4040
1636
7
280
4571
2683
4585
363
1598
3872
694
1656
2680
4074
1125
1947
5049
2904
2581
4454
3182
3094
837
3221
5318
1752
1451
796
4635
2043
4411
5707
1178
3394
3504
1365
2409
1250
4188
2937
2029
1297
5615
5369
5058
1922
4506
1337
2206
2482
2587
2711
4757
2051
1769
5332
777
310
1120
3924
2105
1650
4982
1784
4955
282
5428
3926
253
748
5367
3276
1638
136
606
638
5619
3257
3937
4102
568
2090
1950
1771
4348
3715
5075
3469
1608
486
2341
2539
1135
1664
2929
5741
5248
4505
2933
2739
5559
2666
1897
4703
1670
3054
3077
2638
5734
5567
3198
2729
5050
5251
3643
3219
4326
1132
2605
3263
2455
3595
5490
2648
4449
3630
1484
5254
608
4015
670
2439
3843
340
2303
2208
2751
1774
5547
354
614
4762
4289
3553
4949
53
3391
1549
3793
4146
2486
2147
1849
5389
400
3660
5644
1503
5581
4558
4422
1133
1885
2257
1129
826
4492
1269
5417
1828
3962
1649
4708
335
756
1023
935
297
4358
5151
2658
5424
311
4588
188
3059
127
1260
1342
2103
2193
2719
3160
1639
2124
3436
5391
932
3597
840
1810
750
4091
4343
1813
3934
2198
3038
2762
1883
4526
2434
1107
52
3581
25
885
820
3685
1314
3053
4642
2369
4047
504
5496
2979
3419
929
4277
19
2269
4332
2113
2098
153
4716
64
1265
5169
5553
1311
5568
515
2129
4946
106
1220
3892
2983
3618
5312
1791
2822
1
5117
3310
3957
3223
3677
5714
1052
1918
4230
587
596
2724
3644
3339
4251
1782
4773
605
4426
5005
4460
2766
980
4485
1057
1542
5149
3605
2843
5517
3834
3743
1753
2490
3838
3347
5085
2647
4820
4235
1354
5624
3778
3604
1940
5035
3030
4658
2655
5078
4853
2013
1301
1256
3425
4192
858
5225
1898
4541
5259
3231
241
1587
1674
3015
5464
4691
811
4813
2544
126
2519
4651
4890
2922
4367
4555
2559
3701
3590
4463
5632
93
2356
3890
1913
5719
4556
165
2657
240
2507
1147
5128
4280
2530
2042
2889
815
788
3332
1470
4584
109
730
169
4837
1261
2285
1864
2440
4242
2764
1726
4008
2629
5083
2656
3783
1868
1842
3206
564
5109
4953
5411
561
2783
1783
3049
3584
4404
67
4097
4644
2583
3336
4476
285
5732
1520
809
1646
2846
746
116
3836
2868
1035
2644
259
4401
5674
1684
3108
2524
5045
1596
5635
5315
4915
1421
3826
4126
5626
3785
2425
1518
3772
551
3385
3426
5513
1241
4534
5606
251
3369
292
4780
1620
2244
185
1287
2026
31
24
2145
3521
856
1594
967
3344
3904
1550
4198
3631
3506
83
770
2031
3582
3689
5629
1652
4366
5399
936
4546
2761
1663
5114
232
5329
3768
2388
5235
4084
4274
3395
727
536
4765
1475
4544
2969
4167
3379
1467
629
2973
4357
4209
3999
3547
4313
50
4830
921
744
2156
2326
2691
1667
1826
2220
2335
1523
168
396
2407
299
5199
3236
3258
732
1772
2838
366
3936
1369
2571
1031
523
2293
1277
3731
3661
571
1267
1820
2020
2630
1742
4355
1333
4805
464
4207
4295
5758
1313
1249
66
3287
4793
4973
4807
2821
1195
2106
4826
2408
1532
3558
3299
1021
5645
900
1631
1228
1338
2667
3823
2763
2619
1130
4465
4109
4125
3741
5702
1201
3963
2381
1192
1890
1448
4106
3820
3859
2173
4007
5694
2551
3522
5002
5301
545
3829
3294
1140
5147
1434
4118
1181
5706
1946
3275
3155
5197
645
3387
1808
4032
3540
5614
213
2114
4095
4627
3137
4382
5684
3168
3607
1572
3133
3449
534
1305
3259
5705
895
2444
4518
3726
2154
3097
3392
1745
3919
2529
1604
274
3650
65
3214
4025
1576
4507
4337
79
760
4968
314
5551
5037
3760
2180
4542
3817
4482
1581
4751
4653
599
2872
945
5362
510
634
1957
5303
1543
4123
4620
5710
128
4166
462
3147
1480
5227
1857
212
4971
2111
3503
3928
3184
4676
3930
1936
4483
1933
4301
3568
519
6
4253
5350
5482
4524
3062
5363
1846
3261
5222
1020
4445
2094
4563
3216
4928
892
4622
1816
5461
2011
913
3333
2223
2277
5092
549
355
2418
3327
2380
3970
2473
946
1798
4420
4680
4513
1364
3431
4468
5287
147
4628
2971
2332
301
1183
405
4303
2271
5089
3447
2433
2580
4196
402
1640
1483
1943
2786
3844
3533
848
2074
3194
1154
3046
2325
743
4521
379
3744
2741
1830
5308
2986
3380
5494
1529
1168
3693
4370
390
716
5282
5106
4865
3730
4643
3452
569
3159
3625
2906
380
2709
4237
469
4278
362
2151
1041
781
1611
4722
2044
617
5366
4156
5342
5686
1767
870
4907
2224
4023
4533
1840
5658
281
2954
4276
1112
2262
2164
2349
3992
4560
391
5469
5116
81
3361
4933
1669
4272
956
3891
1152
5523
3338
1738
4248
129
1473
2391
3901
5152
1949
5375
773
1805
1976
1793
2202
2975
1602
4215
2012
216
4263
2646
1028
2601
5600
4719
2452
4131
3517
1844
1360
3985
4876
2833
3545
5160
157
741
2578
1452
3156
5662
392
3929
3102
2251
463
5066
862
3029
607
1126
2443
4836
700
4220
1971
4974
1332
963
2508
3405
835
3710
5304
2403
4508
2893
2453
2158
1005
1398
4815
683
4017
5379
1383
4754
4639
5462
2826
4472
2470
11
2871
5722
552
1268
4423
98
2514
949
4400
4586
4858
3415
177
3697
3733
5449
2313
1205
3031
3532
2840
427
289
1829
249
4200
3170
4258
4881
3368
372
481
5336
512
5443
1509
5610
3914
2265
2091
4469
3069
817
845
1797
2184
883
2820
4335
452
4307
1759
1697
3083
2423
5158
3658
2921
407
5561
5753
3780
3797
560
2436
2716
2002
3249
1292
4201
5525
3967
2182
4916
5671
4467
3961
3505
4096
4515
471
4821
2770
2631
3566
953
4124
3472
3887
4932
1985
5499
404
4537
1280
5652
413
4993
5077
2190
1306
4667
1352
2610
4992
3770
1951
5241
5196
2393
4290
1361
305
720
1444
2351
1997
252
4561
844
3915
3704
3579
1746
1165
4113
644
5655
2195
1706
3996
4349
4271
4864
4989
4288
2237
1779
521
4110
4287
1900
1662
3185
199
5678
1091
4115
4707
3734
622
5425
2765
1616
5180
401
660
3
4626
5737
3754
5195
4789
1538
5423
2429
2067
723
5474
3390
5613
4031
1548
4045
4409
1225
2299
5463
325
1239
8
4564
2502
2410
3629
2813
3309
5728
4389
5284
4856
2165
1377
2798
1119
904
1901
397
5156
4510
4163
367
3841
2399
2618
3218
1396
5400
4223
942
1196
5256
1821
138
2075
5669
3101
1191
5292
2177
2632
2596
2995
1144
5038
3134
3042
