0
9173
3978
9449
8702
612
7921
3908
1770
5192
5895
6284
5344
9455
2828
3750
6334
1603
3956
2097
6073
1027
5629
6713
2551
1409
1547
8422
7605
3942
3862
6635
1140
5734
679
718
7482
9370
5489
1051
7200
4267
5807
4724
2671
3156
3657
7728
3002
4202
3812
2674
7596
6868
7549
4968
8263
5741
2223
1166
9229
9645
7597
5397
7282
6975
5835
4347
396
9477
2331
4398
103
6203
1306
7713
212
2065
3426
9392
4544
6921
7846
3141
5464
8717
5170
8077
3567
7840
8192
6439
5823
4581
1865
7765
1599
4729
7213
9427
4506
4686
6656
4688
1489
2426
5917
5860
1352
8208
3831
1628
8001
9247
6512
8074
1276
1854
9406
6411
3148
6369
2544
5892
8091
7647
1041
5971
2404
8897
5486
5750
7776
5497
2507
3912
6653
8380
249
5241
1230
6359
6803
2932
8887
3764
9562
256
8752
494
4272
9030
6048
3257
9780
2535
7038
9501
5321
9361
7635
3016
2003
5370
4469
5328
2104
9219
8517
7691
7124
8411
8968
8568
9067
8573
9399
6291
8344
3639
6749
1504
3272
4224
6619
5513
3885
4371
1804
5057
2782
6666
6370
6955
4155
70
9160
7260
9296
4518
6435
7534
9029
5872
7371
767
7160
984
7762
609
7674
1490
898
2971
3418
2964
7164
8869
5482
7298
7045
932
583
7360
3556
4696
485
2162
7043
9753
6079
7201
6344
4257
7667
3368
8526
6006
5044
1107
5171
8944
9921
91
9894
8084
8095
2554
4462
6039
4012
4834
5611
1447
2946
6990
9177
2989
3179
5454
7895
5875
6699
7744
2745
7495
4021
2477
4396
8378
3827
1575
2949
6460
1293
3895
9002
4576
8465
943
1712
7388
3527
336
630
8079
2570
2695
7427
843
9426
2405
6009
6419
4147
2467
14
9489
6458
3339
2456
52
6596
3474
1477
149
9749
7871
7828
2219
2228
7540
2110
9760
4954
8293
405
7312
6114
5032
6041
4616
5270
9046
4445
7968
1174
7321
3968
9423
3940
322
5007
5168
2538
5461
8699
4047
314
6074
4118
9289
9811
3575
2231
3482
6319
3802
1413
4080
8896
7063
2343
5194
7805
3086
1138
3981
9709
825
3493
468
9786
4152
7274
4392
7182
4125
7613
3594
8637
9878
9009
123
533
7757
6166
1591
1738
8145
4299
1951
2001
8097
1744
5038
4210
6721
8212
2306
4473
7556
3217
9602
8530
4873
7787
1793
506
461
6414
975
4260
287
3607
913
6478
476
2924
5517
5924
1254
9124
8312
5326
923
1180
8774
8503
4815
9532
1535
3707
4662
9989
4765
4955
8466
1094
1536
3001
9242
3993
2969
1655
3121
5728
6877
5936
7443
5516
17
5770
7208
3595
8842
600
6884
9004
5529
5927
6120
8223
6428
9719
8348
1729
6304
2320
4864
5399
813
32
1953
6330
5820
4652
9825
5090
6574
1577
861
3592
578
5940
4054
3781
7661
2549
5113
3561
3188
2245
4596
2420
6657
3924
1072
7040
7011
490
8820
7689
4934
8453
7508
5335
7841
7849
4758
5731
7390
8976
8950
6270
5695
8975
4434
1838
5294
9127
3570
4194
2888
2111
5207
9559
5078
1274
7472
651
1225
76
5206
780
9169
8555
7283
5515
3194
1765
2041
3267
3412
2191
1113
8903
6263
124
8127
9924
2752
8930
3244
2090
1028
9681
9865
4793
2957
4444
9432
1457
4006
7212
9238
3779
8629
9158
2997
3471
7937
9515
2922
113
6790
270
2095
5986
6285
2086
4739
9951
2026
8435
2298
465
4135
4502
608
5928
7445
6434
5888
4988
1795
5176
2305
4482
5460
9916
6482
2793
4051
3315
9868
5762
7416
75
8404
3664
9128
3006
4294
1994
5644
6583
4754
6700
8440
2530
2203
7902
4298
6633
1328
9737
1358
9163
3748
4900
606
3243
7492
3450
1389
3224
9702
3228
6801
1448
3719
3438
8173
9058
5247
220
6906
4117
6981
2804
1397
2850
1463
7858
9018
7052
3832
883
9490
3193
9396
4612
4092
7911
6452
3192
5148
2580
5419
1325
1362
8852
4756
6128
6262
7648
9184
7265
7741
6124
7210
5685
8845
1364
2861
175
9533
5152
9535
7515
6476
1408
9114
7096
6964
1569
2511
2588
6630
2512
1344
8464
1376
200
3031
7334
5854
9843
3279
8168
7504
1694
7306
3049
886
5968
1486
3464
7698
5248
6454
8170
7500
1379
7090
9316
7440
3685
2132
126
2265
3803
303
828
6516
5791
8776
5079
4959
9086
8365
1538
6088
7240
6381
7127
8326
8595
5223
6410
6325
9416
9836
7523
8402
9707
753
6389
7735
3472
6560
3501
2688
3511
4709
3736
3529
2683
6957
8556
3491
7234
4552
4557
8948
8733
7310
587
1986
3222
7237
8276
7806
3433
3277
9985
8815
3160
3593
5682
987
1118
6276
1262
3389
2116
7903
3185
2883
8096
7582
8224
9959
5557
7852
6240
5878
6614
6172
6792
6805
9510
9777
3784
8709
6678
7865
1508
6962
9744
7951
8449
3532
3252
5661
8197
7754
9421
7506
9929
7591
4528
63
9104
4827
7758
7712
1938
2280
9791
4243
4393
2253
2127
5522
3584
9678
6775
7184
6987
2242
2825
9662
5662
386
3169
7480
4505
4773
8231
1841
7341
5763
5900
5684
5130
3335
5511
8508
8580
3683
3325
2501
9313
3987
5180
9359
6150
1333
8403
4710
3218
2058
9775
4819
5921
5199
7397
719
7843
544
5913
1331
3881
2521
3010
4465
4013
4139
9768
4486
3848
5974
9145
9279
8970
947
7620
2670
660
976
7277
5508
6448
2037
107
1209
6922
6474
358
457
5054
3441
5311
9050
7822
8864
438
8376
7701
7518
9443
7885
4717
5821
3352
3879
9909
4097
6336
3917
8126
6086
8497
1011
8816
3110
1468
8710
9415
4996
7469
27
5736
6911
6755
3519
7215
3839
6256
4240
2789
2790
935
4789
7592
3903
309
3067
1237
88
2928
4003
8911
4489
6055
7245
1775
5619
7532
4591
9986
1280
3761
7315
1047
7831
5591
5608
1228
4905
8471
6691
5138
5309
7939
9917
7115
379
8851
8416
1111
7978
271
9123
7826
9010
8545
5410
880
5587
1038
7996
7422
1858
9507
1309
504
856
1672
3239
8167
1682
2279
8375
5256
5962
8610
9592
3670
1842
5271
7364
7458
5512
3809
4961
4232
9667
3334
803
1066
6329
688
811
9217
7230
7172
3772
4348
4553
2399
8452
2522
2558
5276
9232
9793
1251
6983
6380
2711
8397
3633
5779
2930
890
2920
3439
2184
89
84
5686
8549
6637
530
9966
6907
7830
3059
6119
1528
4800
2615
4942
4520
1665
3710
3793
5047
8606
9467
6623
7285
3520
1902
8539
7520
895
6865
9097
2813
5312
9907
2461
5474
315
2185
81
4555
1516
8259
2270
5575
6084
1732
879
6025
2697
2115
3202
167
8769
2710
5501
6157
2312
1999
3444
4154
7934
1375
8279
3891
3093
1467
5893
3443
1588
4888
3923
1112
991
7437
4625
5084
4947
7031
9674
6925
1549
9632
5086
7662
5387
2816
2061
1445
1168
2628
784
5016
6446
347
4796
9920
7242
2188
8073
8151
6488
7342
1636
2548
359
7140
3459
4607
4169
3467
7615
2730
5975
8540
5443
9198
9021
8034
1701
2039
7004
6940
5283
6212
6479
6559
4986
7329
6007
112
1128
7149
8971
8878
6406
9625
8233
6894
3118
3855
911
2249
2641
978
115
1184
1418
9699
8805
3507
3312
5012
4938
3766
2287
1513
9700
8075
9608
4087
875
3630
4908
5480
6112
6085
555
161
9223
1217
7352
367
7795
4176
2596
7221
8072
2216
9627
6296
5507
5567
958
5072
7496
4429
8561
2139
9312
3021
5252
4226
3817
2304
7134
9060
3505
9948
3022
7176
1643
4677
362
2135
5958
9880
666
1296
8382
1911
4234
6591
7954
1678
248
4048
1853
3943
6828
8823
7076
5864
3913
809
1073
1827
3427
1959
955
1906
5554
980
1779
9742
1936
9482
5533
8682
2590
5885
8873
4998
4668
4991
142
3636
6176
1978
5527
9969
4645
9417
1177
5303
5710
4185
8863
8575
4738
2469
7886
1806
2797
8795
3435
342
6759
8157
1040
6754
3603
9248
6404
3984
4337
2605
9677
2302
3897
6662
5140
1893
4962
3087
1377
2078
3060
372
7716
2634
6165
1134
1337
9480
8305
5225
7439
849
1892
5266
6412
475
2591
331
9971
8153
2568
4779
8171
1242
59
218
2091
5598
4781
7092
170
9228
5699
2517
9314
3237
9987
8148
1464
2163
321
3818
2124
2478
3836
8054
1235
9031
2698
4283
7804
1755
399
6342
4181
8287
9794
9304
6841
4572
7175
4946
6675
6135
5215
3915
6736
7261
8785
6497
3628
5949
4640
3126
2383
3485
2387
633
5408
8566
8479
4964
5757
610
6010
1319
1469
3469
36
5448
6717
9940
8671
873
2853
1437
8265
4225
2276
8504
2064
7415
5966
329
8087
9497
8537
8770
3131
6631
577
801
4792
7941
3271
8951
812
3508
3005
8000
1977
9845
536
1862
3813
663
5867
3248
7877
5870
6779
8445
5011
5384
4261
5439
9856
3679
5671
4130
6408
8811
565
3791
1675
4823
3212
9976
9240
1014
2067
8569
7454
7955
7673
4611
6399
5548
4288
9085
33
3953
2140
5856
1007
894
2289
1001
7702
7424
586
8004
9283
9322
9499
8254
1875
4237
1422
7533
320
6744
2157
4895
2848
5203
6547
2396
1114
7524
7785
6645
1127
6030
9557
7016
2872
2151
3999
2715
2373
6797
7789
643
8269
2178
6000
4940
169
4186
5240
8740
7511
1449
7121
1061
9142
3155
2374
345
3460
8680
6244
3573
6451
8384
9713
2980
7246
176
3073
246
4950
6253
1695
5441
236
1543
3780
4235
3379
1878
7722
2164
5830
8102
9471
9118
8339
8584
9093
6364
9108
8688
3789
4721
4711
7186
8467
3139
9498
8846
9549
8308
982
6122
8248
378
2660
1264
3269
4634
1570
4248
7387
8934
1791
2623
8997
7199
7256
4674
1674
6050
7082
7227
6546
363
806
6273
8883
1050
3762
1731
9003
7709
8025
9761
5002
8370
4983
6299
9807
8553
9829
8715
5818
4856
697
7974
144
3114
3696
7772
5300
3846
7571
2754
4648
9174
9052
4321
7959
3770
491
8959
8735
2177
1179
9023
1754
8572
9911
8525
3253
3721
7505
3178
938
9348
3751
9695
4916
8729
5116
6275
8319
1621
7148
956
8514
965
1934
7990
8519
7979
9474
511
8542
6222
2577
4516
998
6067
8818
1794
5327
5220
4019
6724
7681
5582
4992
960
4601
6871
8559
4475
7612
7569
4326
2029
502
9335
9391
3075
6297
7441
3950
9324
8175
9851
6022
179
7
7216
8674
5095
6331
1962
8359
8921
4999
1889
2494
5725
3369
2479
2836
9693
5625
4876
2466
1197
2200
1776
2632
2685
2236
5155
9
148
885
1016
9642
7915
3768
1456
2278
3203
1565
694
3720
7778
8798
5431
7663
338
5836
4542
429
2838
3050
1369
4386
1667
3479
8172
5637
486
6857
1145
9889
7875
7217
9571
4524
5530
8866
4411
8991
5368
2934
9516
8041
3290
1662
174
8768
6209
3969
5216
6504
1074
9778
1081
8215
3579
6899
7780
6092
9062
6648
5904
4979
5774
5185
915
6767
6757
2669
6920
1288
2117
1099
4842
2664
4618
2410
4111
4818
5753
160
2328
8511
9808
4485
6345
7084
6958
7304
4636
2699
4352
838
1082
8513
5150
2000
7589
973
7374
3740
5187
7002
2562
1925
4655
9728
771
3014
6685
4922
3621
4182
1971
968
5471
909
283
4150
5698
9090
8713
8759
7651
1968
8322
2672
7614
2656
5871
4766
2646
3319
2190
3767
4470
2557
2753
4373
1282
5040
4812
6021
6701
4628
2015
858
8182
8085
9776
4461
2629
1812
6919
6095
1581
6077
424
2415
2006
5937
4335
3355
1146
9755
9586
233
4079
9577
3344
3108
9919
2377
8882
8599
8347
6116
499
6809
8632
2059
9961
4128
1021
8654
9325
9084
5641
4443
8284
7706
4449
1141
3763
6431
3599
4388
2160
7348
2318
6638
712
4102
3051
3557
4735
6044
6113
4832
7573
1250
7366
4142
5329
5198
8678
863
6540
6659
8488
3082
4451
7018
9431
5258
301
8766
8704
1541
826
9726
7109
3907
1870
2637
9670
5250
8137
3207
570
478
9631
5504
6830
5861
8843
9047
3056
8434
6018
3634
8361
2171
1966
6931
9652
227
8579
9941
262
5566
3492
1427
8426
1583
2747
3613
104
7398
3544
5178
7021
2528
9484
8947
2542
1663
3414
841
8372
1129
7981
232
8827
8591
6722
4177
1000
3323
4457
9149
7553
2189
8855
8444
3635
7594
1175
3731
5151
2945
8727
4930
2618
3548
9527
9600
9876
7272
8080
3666
1837
7834
527
5389
8750
5775
5506
8910
8447
8360
5795
5034
6858
9955
5388
6781
3830
1185
6205
2731
4941
7381
2425
9331
5467
1897
5022
7450
2413
3952
1881
7128
6558
6280
101
351
5664
7094
5196
9520
447
7319
4568
996
1069
7488
9387
9159
7451
9666
5133
5149
8692
6594
5952
3870
1520
8631
2765
5400
4529
2947
3916
62
6286
8608
400
7409
1020
5129
5243
3590
1279
5855
7585
505
3451
214
8512
8225
5134
253
4362
3172
8330
1353
655
5546
9834
9903
9783
4714
5963
2796
2986
6196
4179
5568
3700
2227
1351
5612
1759
3134
1831
9338
2824
3309
6876
4780
2736
259
9209
8057
7670
4110
9150
1895
7686
9721
5983
2830
2543
6851
1004
4692
7358
9435
6837
2344
791
3301
3850
523
3872
6980
2547
3703
3689
1778
4915
5063
8059
1292
4910
5236
3331
8406
6634
2113
7887
4790
3489
2481
6760
7519
8884
482
6173
3711
2267
4360
3254
2080
350
8311
9687
7238
662
6337
2581
9945
3317
2082
9814
6831
6577
7916
582
6247
2802
6467
2407
716
7350
867
3495
1461
1018
1631
258
9446
8351
1723
134
9105
1176
1273
87
1170
9496
3028
5249
5980
234
1766
1688
4649
8583
3165
4254
6300
3035
1595
7411
783
4882
2531
7147
2390
9403
954
2108
8858
5957
2274
1396
3030
4837
9850
8428
2977
4488
9738
3841
4816
4672
2907
1750
1916
8226
7290
6644
3996
5911
9019
7106
9210
5070
2224
9844
4246
1256
1322
6090
2114
156
9262
3003
8010
3875
5355
9472
2464
8500
209
299
5518
2074
3458
907
4281
5805
9115
7729
4316
5514
1057
4277
1155
4208
2595
8309
3197
3733
8383
9526
9300
6982
9800
8683
6061
5721
3430
8597
8289
7311
5143
7271
4526
5157
8117
9447
8267
1610
7085
3902
9679
2033
2524
157
7725
6444
3256
5416
5813
6266
1734
4716
7367
9796
6632
5564
5852
4673
3463
6812
5139
7476
71
1527
1664
9152
1679
926
9958
5098
510
9072
7163
3048
7098
3974
9102
8901
7947
1869
5967
4829
1068
1913
1002
3225
7545
5111
3528
1354
868
5153
2970
9362
1894
4002
4325
6960
6306
7753
5114
8480
2862
754
5462
2443
8187
4065
7961
7751
9409
4512
9025
7168
7721
6202
2856
2395
90
9566
7909
5418
353
8219
689
9414
1093
3116
26
6733
7868
3910
4423
1609
3692
2539
9650
422
7269
2649
820
871
2025
2044
7224
9000
1863
2300
5210
2875
496
9629
9337
7665
1554
5373
2572
9943
774
2890
7742
5849
5634
7252
1192
6967
5869
5227
6243
1519
1973
2944
5006
7466
3487
1035
3008
5676
9787
5426
842
7195
9082
7073
7796
7286
7335
5318
5673
2196
108
195
5886
3725
1721
5412
4749
9311
1619
1945
3258
7658
3708
79
6230
5469
6575
6840
8751
3288
382
5847
6309
3395
9854
2030
8723
3291
4556
6045
8775
2453
6032
2368
2482
6484
4286
5339
4665
4892
7136
4609
4480
7001
3308
8531
5349
398
1181
8003
2332
3523
5960
2175
3596
129
1594
1910
8179
3293
4600
2525
5348
9374
4405
6515
272
1873
4328
1030
7542
865
6155
2834
1719
6475
5081
4290
6965
9930
190
9972
5804
18
4924
240
1248
9638
5485
1828
4902
1115
3992
9284
9648
1402
5005
7943
9701
4966
9179
8994
4014
557
2515
1125
4658
9599
4091
4804
8491
5700
8160
4049
2574
7779
6440
5866
8437
2046
4970
2727
9697
2773
3246
3645
1097
4549
4898
7652
7587
7987
4471
8790
1075
835
2919
9717
8448
6098
6301
6409
5334
7737
4212
9820
715
1154
9429
8889
4037
3647
5744
9553
4670
8494
1434
7205
9301
714
3957
2564
2107
1390
208
6024
8358
9298
1083
7904
677
8478
365
7913
529
1714
3461
8791
2367
4622
4136
5264
8938
8528
4005
55
1578
9456
9936
7075
5961
2621
5701
4531
4198
8229
9135
6005
1673
435
5551
7711
9470
226
4370
4550
3393
6449
4493
7318
4679
4715
9007
1403
2976
3650
466
6195
9308
5809
3560
8455
6343
4522
5231
9285
7628
255
1937
5004
6059
3411
1003
4632
5051
4706
7470
5793
266
9375
6052
6103
7836
3260
5301
6672
2161
2445
5909
1221
7447
6352
7917
1109
4737
1523
2627
8063
2263
8502
9347
493
9418
3476
1323
9492
4810
6279
7991
2398
3899
317
4020
3307
9420
990
7081
5475
796
6261
3926
3303
8662
3869
710
4831
2916
7484
4897
642
1946
5466
2833
8241
937
3624
4010
5094
4356
8036
397
2821
5703
6105
5874
3602
8058
20
8765
4306
1317
8633
9259
908
2134
7653
2403
9810
807
4492
202
5859
3964
3247
7142
8943
634
3273
4496
8150
9574
9529
2582
7453
1316
5274
2109
5259
8598
1312
3497
5246
2077
6191
2739
5782
6302
5897
8139
1033
5452
2994
7786
8696
5390
2639
7112
5742
4869
3867
8685
734
6206
1249
2309
4145
1104
8363
3330
5190
6896
9658
8280
8371
9534
9925
4861
3072
5478
7178
9544
5177
9101
5786
7998
5363
9694
3604
4374
3281
7923
7365
9555
110
3833
7659
7993
2324
5297
1240
6356
332
6639
5267
4203
3631
487
1257
2402
5812
9688
2885
6268
4479
1648
6453
5429
7050
3381
191
1010
7368
8014
2255
3572
8189
9119
9451
7952
5599
1740
223
8240
2859
7864
672
1417
9550
6799
5108
9962
2978
6598
6870
9978
3015
2258
7876
1483
5647
4788
9758
9255
92
8413
154
7391
751
4417
1458
1158
4333
3729
7308
8346
933
3124
5096
7449
5009
3322
2601
4768
7745
8281
4569
1647
9554
1056
4814
4189
330
857
130
6123
8335
9176
58
9302
4425
9654
4748
3513
3245
9573
8562
9106
6586
6160
3810
6658
7953
953
2999
8234
9641
8420
3383
2610
9372
4683
9185
3946
7570
8155
4324
2961
9831
1807
7481
6225
3920
7404
974
4718
6349
2869
9071
1802
4903
1592
9576
7616
9068
6910
2442
2726
9405
5369
1022
758
6213
802
1214
5993
273
7068
2462
3988
4926
7072
8783
629
1055
5175
613
3171
8956
5941
7027
8275
9852
5104
7988
9015
5496
442
3718
6536
1984
8053
3686
3638
8227
7204
7802
6210
821
9222
1507
9253
4173
5288
3380
2384
1790
6115
1836
3972
7214
7423
5251
4036
7671
6793
1612
5091
1940
7708
2874
6607
5623
1339
1120
9291
2436
6904
6194
8673
9315
8963
3092
4414
194
2260
7782
2342
7827
6829
2682
9716
2487
7565
8621
8489
2434
4008
552
2734
6376
1912
4885
4296
6571
8904
6683
9299
2112
724
1713
8457
964
1130
3475
8493
2826
5979
7860
5811
2951
5125
5822
5584
9323
5613
1768
3062
127
2435
7823
4943
5184
8964
7517
3644
7748
9206
9100
5766
118
5652
1182
6465
2214
6601
3677
2851
4403
5560
4513
1899
3734
4408
3147
4076
9307
7460
2173
8655
5592
355
5831
7431
6362
5905
9724
4435
707
5776
3349
7882
7139
750
8024
9452
8
1559
1676
7053
8201
8953
3982
625
6314
6714
939
8848
8961
6215
5306
5935
1299
6783
5576
5972
3360
5221
1124
5445
4918
6945
2474
9734
8605
2720
4001
6238
1287
4797
3853
7389
7771
2940
9005
6935
1883
3065
1462
1499
4318
2206
5337
3242
4734
7982
1459
2322
453
3024
1792
2607
8507
7971
8104
5956
9882
3374
7161
3558
7083
2811
9138
29
2867
5519
3112
5627
602
5453
2361
7759
1503
1935
824
8668
2362
4783
4627
8154
8162
326
1558
9538
1800
261
6835
6355
7835
199
40
1518
9181
4310
9056
9622
1320
7739
918
4730
8257
3623
6192
9789
6158
995
7848
5675
3712
3132
8110
15
1498
5749
1517
7528
7699
3504
4258
9745
5219
3136
6611
2918
6218
2956
9575
9226
658
25
3824
8585
4043
6507
0
9877
8487
9584
2721
3724
7463
2502
8158
9747
3375
8813
1582
1604
6995
9448
9756
3713
9704
769
7634
2743
5053
1484
8916
6786
4354
2693
9933
120
4984
4821
1247
7790
761
6853
3986
3213
2014
4571
673
3522
5372
8834
356
7764
6890
9161
4156
2724
8587
9835
5659
6827
2089
5234
929
3723
6008
5815
8251
1475
4851
97
7202
5089
3386
9953
2792
6784
639
5978
4426
2962
8125
2272
8353
7486
2929
7730
3370
3466
250
8737
7683
2062
1261
4143
3486
8628
6470
4967
3539
7664
8663
7153
4159
211
547
9320
3749
8906
6316
5716
7062
1455
9899
5657
1071
4852
7945
5801
8367
4939
5325
6823
5338
8711
8408
2017
8810
7798
6523
98
2889
8612
5954
4613
7908
159
1789
8675
8249
5331
1851
846
4584
9923
2093
9974
6
6697
2032
1625
3158
6249
3362
3852
5062
8065
829
4656
7399
6107
7797
3304
2751
4621
1077
6693
8992
1152
5602
946
664
3376
4495
3289
9518
4951
1544
7324
1151
4077
6937
415
5565
3338
9970
776
6564
5304
5752
5377
8651
572
6091
752
562
5436
5401
3510
5553
3660
2099
6237
1266
265
1234
8876
7853
9144
1652
9824
1315
6541
4594
3699
2088
9746
2722
8979
6487
6533
6898
7385
6415
3137
8933
7969
6525
528
6430
1294
5242
9536
3675
5382
1896
9607
4523
5771
1943
2713
4220
6138
8116
5834
4078
4878
1029
7626
693
4698
7883
4822
1423
186
1967
344
7557
150
7268
6580
1243
8817
512
7881
280
2783
1307
9425
5610
8028
7808
1188
6201
3842
4372
3788
6978
5010
3874
6758
8304
346
5883
46
9147
9514
7633
8089
5197
312
7494
4750
4367
4416
133
8415
4806
2583
5075
1923
4958
3316
5521
2805
7621
591
7763
7568
4813
1661
3563
1206
4904
7970
222
1327
7949
4228
4211
8414
2024
7097
5067
7091
5777
421
4300
8801
2145
5026
3402
6817
1786
2335
7007
4197
3070
1987
5948
1044
8617
6457
5281
7333
9913
8788
6710
6750
5127
3582
5244
2631
2100
7393
8133
3863
9960
6485
9461
6379
2457
810
7303
8222
5015
4167
7226
1269
4301
1161
3571
4180
8078
6879
3861
2337
4798
3477
8786
3704
8867
2658
9799
6199
8557
4447
8067
8013
2840
445
5580
6728
9762
4377
8895
3432
5720
3400
6561
7382
7963
5798
656
6762
787
9595
4820
6231
8273
1383
9788
8313
3944
4402
7799
6144
5824
3229
622
6118
7814
7986
6720
6318
1825
219
4678
4121
2842
8194
2254
9619
6168
6795
3012
2483
5411
7100
9729
4883
1915
334
4850
1840
3415
8708
8277
7794
2960
6646
4575
9040
2128
5715
930
2884
9154
3759
5569
7792
5279
4456
439
5320
4561
1693
9485
168
1728
7890
5263
2845
6538
4233
3918
6819
6368
2704
337
8764
4387
2552
6051
8331
8985
6873
5632
9541
2566
1824
2810
5938
2642
1974
1741
4074
705
2908
3849
5509
5547
8385
919
4624
5796
952
2419
6281
2336
696
6887
5100
5541
8672
2762
4877
942
732
9141
8840
2717
5105
4740
2738
6506
6171
9196
2878
8228
5660
1931
1086
3808
6384
2740
9305
8109
8919
518
999
9524
4948
4344
4574
9215
5286
5687
5298
9603
6680
7173
390
5976
2904
8050
2266
4651
1860
8745
297
1425
9671
7769
9208
4391
2212
4204
73
7019
4680
645
5999
5889
2346
3378
3019
6338
1308
7919
1105
4817
8777
8914
6140
5284
4406
8337
8185
8695
7861
9790
6939
7089
1378
9561
1087
42
2881
9968
9189
4669
8746
9543
3390
3549
6686
9647
8636
3904
7682
2863
352
7125
141
4978
1227
6483
2053
3041
2325
3394
2364
9064
3210
1996
3854
2779
1440
9295
1006
7384
5118
4174
5362
3506
7867
6037
2616
8011
5713
1574
595
9148
8022
8698
508
1639
3835
5881
8520
5268
9685
3333
8850
1550
2327
6930
1764
7123
7025
2421
1785
3611
7770
1724
6220
2066
8122
9858
8152
4573
3976
6901
5117
2565
183
6914
7733
817
893
5142
7220
5603
3587
8123
6433
313
1381
6134
9784
8581
3219
5624
3123
9251
8008
9022
8966
5350
7578
5709
8603
1268
8554
1252
9596
501
1772
7638
9268
4848
5643
9947
9265
9578
2776
284
4017
9669
2308
5293
8757
9628
4945
5862
9441
5020
1848
8799
3906
516
4438
9028
3856
9139
2441
9318
2087
2603
8907
7183
9341
3000
680
2778
703
2141
1950
1485
3372
7825
3220
6600
3447
1834
7922
6466
4394
2626
4407
9170
7736
3313
3373
4409
3033
6060
2295
9521
4969
9460
4122
8732
3737
2121
185
7022
2992
8202
8482
4682
6973
7880
6104
3502
4503
8909
7465
1135
3187
9260
2925
8771
8086
1654
6106
2075
5406
1760
277
8315
5272
371
9001
5128
3741
9188
6892
7928
8643
2385
5341
7273
889
1487
2510
5173
1031
3413
4007
7499
2471
2520
7430
3583
4255
1173
1991
8286
6148
2454
82
4846
2411
5840
9887
6557
2915
3209
4384
6403
8055
9334
6481
6718
204
2211
8939
5848
7131
2234
3236
786
969
9773
8412
936
1579
7750
8425
8521
2299
1526
6917
9698
7049
2733
6572
5237
8069
6532
5102
4297
2905
681
615
2351
2126
6789
5810
9684
1420
7102
3449
6464
9073
9326
3143
2397
6642
4744
8571
5646
2827
5106
1922
105
3669
7219
1684
8638
8618
6127
7475
416
8216
5409
8190
3417
4639
3170
5457
9672
7816
7122
3674
1733
7654
4727
794
9664
6926
6416
2880
1720
5827
9560
4887
8928
1852
7562
4401
1419
3586
3371
8184
7502
2427
9407
6590
9190
6219
3823
797
3665
6763
5630
9473
6933
6221
3120
833
6224
4642
481
8925
3107
8927
2131
4546
4504
3878
6081
5342
9137
641
4022
2537
2770
2837
3364
8890
9938
1907
735
8272
6774
548
1757
8031
4598
6082
6513
9802
4745
4659
8165
6405
3589
7896
2513
9848
7697
3655
327
9410
9711
941
5222
285
2650
6064
1809
4106
4657
8894
8285
1263
1387
388
458
2063
2523
3391
840
4276
4096
1773
8310
2347
1941
8563
5060
905
7810
2352
5278
3353
498
5082
9254
3499
8217
7228
2130
7925
3643
9605
8974
2668
5291
4448
1982
7078
7171
7636
4664
8601
8868
2083
4731
5121
9039
7936
9797
8510
7012
6101
4597
6062
6923
7119
2257
3422
7734
3688
7380
2759
8741
4090
6905
2222
61
2148
6974
6543
4525
1964
9211
3111
7693
6824
4515
3816
3445
8793
6544
9531
3681
1232
3945
5991
1036
1446
8460
2250
9665
7586
4510
9346
1815
2921
2589
7847
5879
8874
4217
2966
934
3298
9402
4170
7141
2692
5074
4972
177
99
8590
8856
8744
744
9186
2705
4331
8614
6395
590
4196
7338
921
1697
6096
9965
2975
3538
6711
4274
1335
962
4879
4141
7162
1618
7468
5842
7222
193
9271
4760
3851
9024
1005
7985
755
7041
158
4923
6390
9297
10
7030
6562
8564
2638
7984
2644
8949
4778
1939
111
2979
3614
3047
9049
4901
3609
1505
4350
8266
1101
949
9287
5343
1391
7845
5332
6727
3927
5550
8754
6069
153
6587
6569
9146
3071
2417
1993
5923
1774
4840
674
7529
2147
2359
2380
4805
376
6519
4158
9261
5555
1564
1822
9956
7888
9357
1220
9503
4380
7752
7179
3948
2349
747
146
6053
4700
4265
2808
3226
5955
224
432
8721
2319
9862
4630
7543
96
8399
4564
6972
1163
839
9601
790
5832
3601
6036
9390
7497
8045
8176
5135
1374
9450
5163
9384
1271
2912
9593
9908
844
5357
5683
6772
2169
3919
3117
5351
7032
9942
6652
3306
9132
2645
6501
9546
3037
6528
8198
1963
5947
2182
6640
5825
8019
2516
823
5829
239
316
8496
9689
5739
775
1453
1270
5450
102
5989
7957
428
6378
2401
6227
9718
2071
2048
2028
4239
6287
3026
3175
5324
6162
2269
7490
294
9367
2611
8442
23
706
2007
7995
2707
900
1700
489
7116
9059
7006
7975
4712
66
3055
3196
1658
5890
1366
8169
7376
7249
6174
3052
6692
5367
8812
2460
5995
7576
6796
4762
24
2221
3387
5381
189
4251
3009
4720
1735
4420
3240
9720
9505
3057
5052
8995
2725
1998
1756
6029
9276
9901
373
4533
4242
6969
231
8391
9838
9290
2963
3200
8396
3546
8035
1207
3042
9957
989
6004
5110
7601
1026
4973
2345
4024
387
7980
4775
9763
2508
4909
6573
7258
5008
6141
6729
2275
8626
3356
6076
5990
7302
3581
2500
311
6413
2247
5158
9830
278
9841
9910
3541
7544
9274
7101
13
7059
9327
8648
7039
3436
4034
1356
6016
9094
631
1649
6387
8824
9035
1949
450
3961
524
5653
4499
8642
2953
7599
1424
9649
7259
2909
6554
196
7299
1304
425
9411
676
6463
7408
8017
9438
6437
6584
3935
3865
5939
9588
5035
5265
4990
646
7521
8830
1212
5502
8107
854
9355
7017
1064
2648
4590
2195
1576
6233
2422
8967
7607
1607
6255
6017
8295
7396
1586
9140
3204
7930
618
3280
7593
4865
1557
4794
7535
2509
9351
3154
1470
7461
3295
6366
5794
4320
9741
9377
7028
5803
1657
1393
1108
1438
5790
5748
305
8477
7428
5751
7609
16
6915
9153
558
6228
2321
9663
9202
6578
4723
9168
818
3122
4119
1761
816
3626
553
2983
8026
7370
5239
3478
2019
2987
6785
6252
2072
5167
3061
2406
5609
2326
5837
5663
5023
4349
2968
7087
7055
2366
6918
4108
7898
1150
4455
9816
5724
7817
2040
1132
7225
3995
7924
180
2556
8871
5386
4221
7973
6976
7547
9770
9656
1015
1530
47
927
1310
7130
3314
1705
6956
8922
3403
2767
2719
6668
9131
2718
7433
132
2701
4547
7436
5299
3358
2594
2829
4563
910
3429
6377
3641
2795
2927
9819
9752
8132
4713
3991
6816
221
2288
7067
5356
531
519
1930
2635
479
8781
2251
1314
7551
7696
6417
3262
9044
2673
1857
4209
4427
8374
6852
1148
9864
7774
269
1297
5596
6765
1032
3973
9988
5505
620
9155
9767
1219
2050
4890
6833
9376
1123
7418
525
4532
9241
7684
9618
4115
9483
5424
7340
2370
3965
3979
251
1615
9931
1783
6872
6567
5718
8730
542
5988
6043
5755
8354
5470
3473
5688
6398
7932
5336
5088
6492
8687
9117
2555
4103
6963
9424
4340
5087
290
5901
8090
827
5269
7167
5760
4440
2617
2788
5273
3667
8475
8120
6207
5492
8534
1681
6071
3077
9890
7724
1810
5188
5543
717
7020
9579
520
9659
6461
2579
2849
4833
9197
9419
1414
2180
3104
4893
3294
723
7700
3465
2092
5164
8724
369
4752
7775
2316
1065
5549
2237
8973
9984
7577
7677
137
8739
3656
3739
8183
8424
8567
2315
8204
7820
2047
8691
983
4708
2996
3889
6033
9358
8565
7157
5998
2560
8329
1224
9397
9855
7668
9175
470
8716
7336
1063
8387
5697
1983
2341
7660
6003
2348
1997
9098
8007
7297
4088
2661
1466
4421
9213
6971
4722
6612
7583
8142
6534
3616
617
972
8252
9151
8501
6424
238
6100
762
5345
4271
5315
430
1533
213
3140
3053
7456
3085
3081
3620
1752
4032
7133
6392
8088
2990
3998
3814
4881
4031
749
5556
686
8755
4694
3597
8023
7872
9309
374
7522
3598
9075
1196
2777
7345
9682
1947
3820
7603
3384
4368
649
7229
6375
702
22
3760
8355
3566
789
8296
6647
9385
8516
6951
9873
2433
427
9891
5313
8879
4311
9479
3994
992
9621
1211
1763
9881
8725
6097
3113
6034
7743
9624
6320
5534
109
281
2868
8661
2895
624
2653
8213
5578
9487
3299
9077
9712
122
9201
5041
8115
7498
8972
5144
4995
3337
11
5292
9502
4187
708
601
5112
8891
4247
8665
5262
4993
6277
1972
9365
8362
9906
7357
7145
207
4266
7575
3512
3189
4192
9892
3778
614
9454
4389
623
5781
95
2896
7107
8338
2981
6348
4086
5174
5161
6985
5103
4880
6489
5191
7747
1803
4517
7042
7994
830
4994
7580
8044
3151
8429
4500
2259
7631
9857
5358
652
585
589
5908
1646
178
9481
8780
6813
7598
1048
521
1471
4193
404
7777
9113
9563
7165
7646
6423
3540
8831
4539
3321
1687
7400
6715
5912
8432
7191
3659
2239
6991
5013
2871
1965
1009
690
8836
7781
721
2706
3515
3726
4332
4069
7143
8977
8461
6426
2585
8923
6688
5392
8515
4033
3074
9156
709
669
6900
9523
8106
6214
1410
1454
6046
9537
638
3366
2935
7346
7231
1385
5224
9408
8033
4671
216
7255
1318
4746
8841
1411
5616
7507
9214
9673
114
9661
5651
2526
4250
8860
2569
6509
3888
2744
2207
2149
1632
3887
2225
3896
9218
6818
9581
9569
8303
3777
2613
695
467
4844
7788
9939
3206
2202
5654
8388
7610
7300
1502
4620
1079
6864
8393
8821
5562
778
1171
834
2768
4334
9866
7373
8593
3163
5595
182
5540
1835
8670
8438
8736
3521
6121
4369
5946
4363
6745
6335
6401
2152
6537
8905
9617
7281
9706
4082
6582
8260
8588
6743
9180
135
5704
2138
2393
7248
9739
2153
5672
6609
4466
2179
2158
3078
2901
9733
8306
6518
6294
1311
2284
260
3652
2273
4931
3115
2286
1529
1843
7047
5481
4072
9087
6274
8849
7719
325
1698
5828
6621
9373
2879
436
3576
8797
5438
1338
722
9258
7548
9413
7375
4567
7108
9008
8872
3975
38
2527
4497
2340
5670
2119
4841
8809
7383
4213
9614
1450
7948
4215
5570
6550
7679
1948
217
5395
3562
8833
7457
6628
9564
9567
9246
2264
7884
6802
6787
1330
1103
1995
3490
1762
19
5896
3327
9565
3676
2606
8902
1742
9905
2563
6875
5126
2584
7870
9465
2391
4376
8030
6187
7317
6617
5920
5039
7412
215
4089
5275
5894
597
2492
2372
2002
9926
904
2593
3782
5934
5973
3752
8446
3705
1814
5444
1165
8410
9657
4906
6719
8586
545
4424
6242
2967
8188
1522
8009
3845
7483
8392
9476
291
4538
7243
4514
5050
532
8853
2696
6456
2735
4826
9006
4610
1590
1753
3525
5843
8838
2803
8135
6239
263
2248
298
9103
6480
3149
3989
5655
4702
4725
8083
640
9883
2723
5132
6643
798
9612
7526
1903
848
5667
1092
9805
6152
8327
7320
5636
5539
4312
8839
6705
667
805
6490
4026
201
7330
3516
1627
1830
9594
1407
2314
9769
3825
6183
7429
636
8131
2450
9400
8789
9332
3931
9884
282
6502
6245
1289
9623
323
1630
9167
2056
9967
1122
3365
8042
3292
3278
5761
6182
4507
8983
8543
8232
4207
3305
4974
8993
1210
225
5280
2360
537
4866
5371
4763
8627
8294
607
5982
1136
6236
6674
1265
375
2600
4755
5042
7236
4252
1117
5754
9932
864
3274
7232
5131
8161
6363
8056
4631
5535
593
9620
3064
1616
1278
7309
7110
1149
4366
1370
138
9350
340
9378
9714
9727
3815
4537
4753
1866
6776
2485
2125
9886
4345
6682
6303
1555
7419
4305
3727
2599
7977
2755
6351
2536
6968
3259
3959
2760
1864
2694
8016
6551
8398
6846
434
2942
6190
2491
1172
8207
8681
3105
4042
540
1416
7588
4302
6822
4101
7326
9054
4018
328
6996
4870
4134
4172
8946
559
3186
6193
4205
5172
1623
6365
1198
6529
6094
5717
3221
5120
8103
2519
5677
1671
9388
6019
2226
3416
2167
1685
3728
3785
8941
678
5639
308
7197
5147
5238
4845
2937
1821
348
6129
3758
3530
2354
203
418
6622
7869
1890
5606
945
2662
1226
8577
7910
9708
5756
2985
6941
3408
3
8032
1119
7223
5295
4319
9639
2446
9157
682
8325
2333
3900
5590
80
3083
4478
619
412
3265
2199
2079
7803
4565
1606
647
4245
2170
5649
1880
78
822
3695
9547
3129
6180
6615
8826
7801
3161
9937
9977
2123
4917
3744
3401
9633
5951
302
1042
1546
997
766
1726
2252
9542
7531
3985
9580
7558
3765
8118
7859
5747
1332
8421
2666
8932
6295
64
8130
5841
7056
6436
5552
3535
2451
8021
2576
8450
8430
1160
8255
7530
1706
5430
8693
4052
7093
4057
7369
6804
8394
3340
3937
4661
4690
9121
3004
7294
6684
8659
4868
237
6703
1313
3421
3684
8875
4560
8490
9590
2027
2213
420
6791
1879
6752
4364
1259
6669
7920
7958
4223
3822
7680
4617
4419
3533
9952
4278
1640
8121
3399
7527
8828
1877
2763
598
6445
5212
3311
8548
8144
7567
2357
8814
2490
8509
5561
3167
45
5925
3133
9785
5945
5201
8832
1956
7676
7099
8908
9812
4230
8918
2958
8706
448
9134
4483
9643
7690
560
8301
4585
77
7714
6946
1340
9525
2678
6346
1622
3109
9235
2941
882
6373
5722
7611
1098
1876
300
9336
5702
4071
6553
4162
3871
6125
6661
4009
5510
6909
7305
4273
7278
3045
2012
9193
5099
6283
8220
3524
9582
4929
4956
7503
6495
4491
2709
417
9065
6154
7144
2418
9256
1805
5181
3091
2060
2105
556
119
1067
145
5758
3622
4463
2926
6716
9691
9349
8578
3577
7704
1737
152
3410
7967
7509
3264
6539
5366
7113
2176
4801
6102
9092
7999
2991
6264
9725
5800
8390
759
3929
4285
4116
1961
2409
8163
4140
3898
143
8999
4314
906
3232
2293
2376
8962
1692
3498
4733
7254
1767
9840
8381
8334
6862
6511
8707
1501
850
1430
4562
8763
5711
2120
3531
8734
1561
7688
3320
210
6689
7829
411
4317
3629
3043
7405
3605
2297
9964
9078
3722
9263
3406
357
1324
6746
2914
8634
4094
5767
9430
184
7187
5290
2430
4468
8639
6848
2493
6269
6627
748
1545
733
9478
6740
5379
6473
4782
1707
6850
6418
1491
5354
7372
3730
6738
9935
6810
6326
4287
2708
8409
2440
4623
5707
1283
1164
2681
6869
3574
7897
4867
7251
1090
1690
5573
2654
8701
5316
1747
7146
3199
4653
4644
7361
3099
3119
4540
9017
6788
5665
2806
1861
7079
1201
437
7572
2400
2192
7873
3649
9083
5571
8980
8935
4304
9558
2423
9703
4803
4431
760
3890
9530
6385
2096
483
4357
6878
1218
1748
2775
6545
554
3618
3550
6997
100
1510
9333
3348
742
4045
1153
9740
6407
449
7088
4382
5484
1580
4058
5490
1817
897
509
8174
1493
2687
1722
8401
3755
6655
319
6984
3545
1884
6709
3032
2136
2329
3828
65
2902
2950
3826
2655
3640
8076
3753
2291
1
2700
2841
2470
7629
6993
6353
5493
8955
2166
7339
9380
3195
7956
136
2103
4891
8454
1034
944
2906
5714
8239
3787
8645
5296
2238
1386
1058
3858
7927
1605
1380
8893
440
2640
3409
3588
6310
454
8926
8829
6471
1432
7574
4146
2205
948
5071
4132
5964
5205
7933
4399
4269
6766
6649
4442
8676
5322
5799
7892
3746
2043
5375
569
56
6031
2101
401
764
2622
699
2499
9398
2791
8271
1944
8221
9453
7793
3680
5719
2647
2495
472
9282
3029
8101
4944
2877
2052
2243
2165
5146
7129
1539
4949
3757
3553
8211
541
3930
7292
7395
8186
403
6494
4218
979
7839
9692
4412
1495
6986
799
4137
1624
9063
8039
93
6200
8615
1584
6741
9809
5669
164
230
6332
4932
5572
2455
5141
6861
5195
4280
5045
7066
1205
9122
7960
1563
4046
9833
1845
9782
5953
6998
5526
6730
876
5030
2313
8870
7353
3468
1855
2338
3454
3027
7118
197
1488
3282
8138
1928
9511
5628
9676
6734
9973
1921
6223
9091
5792
1360
6947
7263
7218
5437
7203
5638
2215
3036
3925
3128
4508
1839
3970
7473
5525
899
7154
8336
6764
8862
8622
9818
2480
2532
6530
1156
8048
1932
444
7126
2009
9234
5065
7331
8474
7362
892
4315
581
2473
3230
6397
9339
6565
243
6065
452
1645
140
3840
9422
4025
6139
4282
446
5024
4183
2448
9428
7386
4646
9203
6916
3481
3332
736
4436
6576
5853
1053
5305
1178
6616
3494
8423
8159
9366
4593
1473
4894
621
7767
3235
6929
1703
9220
4952
7057
9774
6072
1985
5055
2285
5414
4509
21
4836
8660
5347
8307
9646
6508
966
2561
6477
6847
4777
4863
6821
4016
8459
1342
8536
8270
9934
5601
9860
7935
1633
8649
4921
1969
9946
4511
6977
7655
9225
8656
5202
5308
6011
4149
8020
3388
549
5740
5588
4997
7818
1808
2597
1811
3420
5536
6934
7413
4521
7800
1244
4458
7316
4957
2049
9055
5545
3044
6235
9032
7377
9568
9853
1988
3425
2586
5169
1992
6443
3551
5254
1110
7581
9591
9183
1169
7394
3326
9095
433
4268
8677
5969
4160
4519
6153
2054
8350
6641
5845
268
9897
5449
8657
1598
7188
4107
3559
855
2892
2431
8283
9736
1102
1797
8418
9462
1012
3180
6083
2679
7132
8256
7678
5987
9859
5997
5532
4341
5723
5093
5617
3673
5899
6707
9404
1602
3883
4633
8758
2458
7893
2818
5981
1567
9200
9982
6340
9434
2055
9585
4163
912
1284
8756
6421
7355
8806
377
9038
5640
5783
4802
8342
8243
725
4847
7013
4872
5586
9545
2432
5233
1593
4084
1613
9278
7029
6382
9954
8865
2155
5446
3909
3792
9231
5618
5417
9944
8093
3215
2729
7656
3672
9061
5780
5650
6234
9182
1730
1302
9637
3509
1976
9918
4351
4650
6706
9379
6216
8492
7155
414
6989
1669
8779
1346
8049
4602
1900
3967
8366
2712
3357
2870
3025
6257
8582
5579
7590
4454
6651
8476
3747
8988
4329
4787
7253
2801
4697
8898
4338
4066
9832
8667
7046
6229
3223
5396
8062
3565
3350
6455
6015
1245
3168
2732
6751
6328
7619
4771
5681
7152
4699
9766
7209
6161
7650
4530
4112
7632
6842
8772
6625
9817
5427
1415
9328
6386
3514
5208
1782
7539
6185
4534
7606
9519
4339
2785
4605
6897
8807
7997
4308
1405
2150
4249
925
9368
7156
888
3769
3361
7833
3423
8989
7905
4114
3600
6549
4971
488
2553
2371
4309
4875
7857
5049
9765
8749
341
5451
7489
6241
1818
3496
8052
4188
6143
3017
8147
5645
198
6531
692
691
8819
1958
2900
7642
1368
2365
5631
1429
2807
4703
8877
8462
8456
5028
8609
9837
4270
8316
2301
1589
8439
9245
1404
5364
6311
637
1562
116
6396
3405
1412
2948
5025
86
1199
368
2659
6880
3658
4259
5434
4133
9653
2465
5435
2008
6070
3363
4433
8282
1359
1301
5048
1088
187
770
9751
3150
7552
5385
1743
5918
2290
6289
3183
9842
5323
6496
5277
8274
670
3328
94
4000
4963
2463
7194
8981
1718
9813
4068
5166
4055
3859
9731
242
7901
6087
8912
5314
4293
7707
6856
2651
4824
5473
264
1702
8720
1394
2741
7327
6089
4767
8857
5772
5179
1275
4687
2210
8320
2545
5735
1727
9798
3398
4336
9070
584
1496
772
5403
3932
3610
765
7487
6664
4676
9033
2857
1052
8547
5808
5456
2034
4828
6188
8262
7150
3811
6597
6078
8100
9640
9870
7435
1957
8522
2004
5933
60
8529
8111
7337
3351
1444
8299
2051
3654
7694
7862
2369
6307
2005
7262
1816
9975
1710
8245
2355
3227
6361
7138
8443
561
3857
3882
5402
9293
7964
9317
9166
5523
9195
7627
654
6663
632
8129
6131
8958
3922
2665
9264
4231
3018
6468
6438
6698
9275
1439
9735
7856
2303
9613
5778
7190
9963
7275
6606
4378
9344
9743
5922
6292
3452
4446
3880
853
9250
7649
1100
7731
1203
6054
5693
3632
9360
7425
1749
2764
1856
4244
4041
5528
1492
914
7878
4381
8689
5033
72
3928
9979
2812
5970
1070
8647
364
6493
8666
5846
3152
8027
4839
8913
626
6371
279
3526
2271
324
2899
1832
6903
1524
9821
4067
9551
4358
3914
5483
8386
4263
1241
7938
592
3231
2311
977
6324
9244
1421
8134
6773
5876
5289
245
4551
4361
1229
6725
6486
5906
6832
2860
5732
6924
1013
2955
41
4494
9690
3958
4157
4023
8205
6902
6843
5209
9914
2965
9136
5884
3754
5307
9801
8625
9013
5432
2378
8558
7420
9457
8064
9981
1891
2835
1980
2208
5302
9849
9827
1329
4854
6999
8015
8728
3838
3174
4772
3775
7074
2820
5503
4459
860
5405
5499
4062
6636
6855
5729
5440
8140
2381
5594
7401
1514
9395
8945
3346
6859
7894
3480
4100
7811
3080
155
2023
5287
6027
5235
3983
5696
7280
1725
307
2746
8600
2036
9310
30
9459
6820
7854
383
8560
9074
9330
6462
8917
3706
381
7257
9710
6825
7564
9748
1901
2974
8620
4477
6075
8538
6232
7058
967
881
2235
1024
9896
6175
2897
1428
9053
4113
4253
7723
2035
2608
7207
5145
8794
1716
9292
5059
1060
9732
5476
5708
4935
3157
6961
4413
2505
3377
3698
3693
6288
4637
5285
2142
8441
5487
5730
1850
6891
5230
6524
9016
6844
9898
5679
4195
8244
6595
8624
7289
3555
310
6687
5253
4415
6708
1521
9722
83
4874
7604
2069
3966
6726
8652
7821
4799
8247
6568
5064
2667
1970
3608
4075
9655
6020
4430
1054
5622
7287
6928
8486
3642
7295
9504
1666
1367
7809
9517
8458
5442
6702
8051
1295
698
9110
4404
2633
6321
795
3241
9401
3980
5926
4849
2766
6109
5017
550
6994
6838
1195
7756
4178
2084
1045
2484
3671
1008
3266
4960
5346
8495
3552
4582
3296
6603
2846
370
6498
951
7512
7069
54
4579
9804
3103
7322
2514
4029
8669
963
2866
4028
8047
4606
4397
4830
4608
3847
3691
6469
4359
4439
7510
616
4279
5353
7065
5394
9495
4
7105
5428
6893
1144
1736
2815
5865
4498
2468
8854
7120
2675
4039
5765
985
6394
5398
3125
1392
7347
3678
1933
3517
8114
3268
2230
4481
5495
295
6566
5214
7180
6137
1691
2959
1096
4981
5083
1091
9552
5218
2573
3359
924
9928
1258
3285
1711
4124
2609
1689
7639
8206
4171
5228
3159
6429
8156
9216
9369
8523
9288
1784
644
3090
85
7189
4554
7158
847
2198
9080
6618
6535
8635
5257
2277
7715
9759
6739
6695
3462
5061
3100
6592
7608
2122
4586
4437
4105
8060
1929
2218
6748
720
4701
8611
1039
7942
2098
2822
9171
5992
6248
3324
7077
2031
1898
4681
1147
8472
2847
575
4660
4490
4977
8822
9088
8915
8748
1955
4050
2183
7014
6886
711
6732
6650
8753
6936
3819
872
9187
957
7325
5156
902
471
4365
1406
9043
3011
6035
6626
9949
9828
2310
8288
2449
5420
1143
151
567
1121
288
4129
1238
3933
9715
4432
6402
9096
8108
4256
9027
139
8377
5374
5330
1431
6950
3302
2506
3084
8136
8804
6145
9280
6883
6130
2559
5433
4732
2913
4570
8940
8099
3396
1556
8094
8209
2220
6026
125
408
7538
659
1668
8505
8844
3612
5996
8340
3205
4860
1927
5600
8278
2844
6080
756
1476
9879
7513
2498
9822
4104
5635
2488
657
6339
2774
6514
3347
6167
9437
1608
9321
3249
2684
8046
460
3397
6712
704
3457
5524
5160
3503
6246
8778
2571
4675
5727
4375
6954
1388
8357
5898
4151
5000
6979
6970
5340
6049
1062
8931
1363
44
3146
3547
6267
3682
8703
2643
8535
7270
7332
7824
4472
2292
745
635
4038
9823
5447
5633
3591
7037
1871
1885
5391
4751
9626
4536
7746
7692
4015
8762
1285
497
2819
4548
6527
9486
7477
1525
7946
5245
2437
462
6913
2592
1886
7111
3138
8686
2229
8218
2982
7313
7669
5626
4123
2798
1823
3318
7410
173
3007
8146
9464
6908
8990
1918
726
4693
5046
6613
522
3714
7637
3805
4747
2429
6777
4965
4666
3191
2550
7705
9445
304
8193
7641
874
4638
6197
8881
5984
653
296
9686
4857
4858
5690
3868
832
6491
683
2444
6298
3500
392
6170
4667
3886
3646
6388
7579
4736
3580
8886
2680
2386
2716
4684
8920
3938
463
2424
8149
6588
3407
443
6677
